rec00000 0 323 50 324 325 673 71 1875 207 678 256 329 13 3476 496 207 676 8779 1110 5 327 177 682 526 2089 5 333 13 286 10155 1110 71 685 177 1109 334 55 43 336 1356 325 688 339 71 342 343 261 339 1024 345 690 1835 349 350 55 56
rec00001 0 323 50 324 325 673 327 325 326 71 1875 207 677 4210 71 342 71 498 5 686 177 8779 71 1027 1110 681 676 5 2089 5 333 13 4347 375 86 713 732 1110 4212 256 7569 55 43 336 394 325 429 339 13 340 341 71 342 2049 1757 155 339 55 56 0 101 50 348 40 1024 345 13 346 347 1835 349 350 1906 55 56
rec00002 0 324 325 3745 13 286 675 676 326 71 498 5 686 327 678 395 712 713 4210 55 43 336 57 325 1087 341 71 342 343 1757 154 339 55 56 0 345 13 346 347 50 820 619 349 350 55 56
rec00003 0 323 50 673 145 324 71 1875 207 677 678 71 686 675 676 4662 105 6580 4664 50 35 160 327 328 177 71 674 1630 55 43 336 57 325 805 339 13 340 341 71 342 343 383 339 55 56 0 345 13 216 346 347 690 71 1115 55 56
rec00004 0 323 50 324 325 326 151 152 2291 325 673 5 327 35 328 1110 71 342 6145 55 43 336 154 325 57 339 13 286 676 145 1279 71 342 343 1757 383 55 56 0 101 50 40 1024 345 348 349 350 55 56
rec00005 0 323 50 324 325 673 676 145 326 327 4662 332 5 1422 4210 55 43 336 1757 154 145 1844 383 339 71 342 2049 1757 429 339 71 11653 2049 1757 155 339 55 56 0 261 11291 345 13 346 347 50 820 619 349 350 55 56
rec00006 0 323 50 675 326 325 324 151 152 11047 1109 334 55 43 336 344 325 2292 339 71 342 343 1007 71 3938 145 344 339 55 56 0 101 50 345 13 216 346 347 349 350 55 56
rec00007 0 323 50 2097 325 326 330 35 160 327 328 332 256 545 334 333 466 127 71 685 50 334 2398 5 101 1521 105 329 256 682 55 43 336 50 192 684 325 313 339 71 685 160 50 676 177 1047 339 13 43 4347 146 50 336 192 337 325 338 339 55 56 0 345 13 346 347 50 820 619 349 350 55 56
rec00008 0 323 50 2097 325 326 330 35 328 332 55 43 336 35 50 1112 192 1775 5 1275 339 71 342 343 261 339 71 3938 35 9020 24057 9242 145 71 1775 339 55 56 0 101 50 40 345 216 346 347 348 349 350 55 56
rec00009 0 323 50 675 4211 334 676 329 151 152 246 484 673 5 678 526 2040 121 329 13 286 71 342 8779 4210 55 43 336 155 325 366 339 13 340 341 71 342 343 394 55 56 0 345 13 346 347 50 820 619 1367 350 55 56
rec00010 0 323 50 324 325 673 675 71 674 325 326 71 1875 207 678 256 329 676 682 71 1876 5 13 1631 327 177 1016 105 1362 333 246 685 1878 1110 5 11047 1109 334 55 43 336 13 286 2292 325 338 339 71 1630 5 13 1631 338 325 1366 71 342 343 1775 13 3091 5 689 343 337 339 55 56 0 101 50 345 13 216 346 347 349 350 55 56
rec00011 0 177 13 2098 71 8934 166 216 1016 13227 336 11144 145 375 1757 1333 339 13 31292 31293 1507 145 1757 1364 1013 1015 177 312 4210 38 35 328 13 1920 13 445 2054 5 5144 946 5 71 1873 246 1114 5422 186 6045 4871 146 71 273 1630 5 1631 4968 160 145 261 984 5591 55 56 0 323 50 673 145 324 71 674 675 326 246 685 105 4210 676 8779 2089 5 333 13 286 1110 681 676 13 4347 375 2966 713 4212 333 35 160 2735 13306 55 43 336 1757 57 145 1757 154 339 71 342 343 1757 366 55 56 0 101 50 40 345 13 216 346 347 348 349 350 55 56
rec00012 0 323 1684 2624 14373 676 50 673 105 545 334 3212 13 6736 496 207 55 43 336 35 9242 71 1757 429 325 394 339 327 145 71 155 339 13 340 341 71 342 50 343 394 101 466 50 40 345 216 346 347 348 349 350 55 56
rec00013 0 323 50 2097 325 326 2089 71 342 61 2291 6912 334 327 329 256 177 682 55 43 336 1047 325 383 6569 339 71 342 343 684 55 56 0 345 13 346 347 50 820 619 349 350 55 56
rec00014 0 323 50 324 325 673 71 674 325 326 2089 5 333 50 335 334 732 71 2290 4296 330 35 327 328 332 5254 4662 55 43 336 35 50 1112 192 57 325 805 339 71 342 343 154 339 55 56 0 101 50 345 13 216 346 347 349 350 55 56
rec00015 0 50 324 325 673 71 484 5 685 1028 324 325 326 327 71 686 676 678 395 86 713 4210 55 43 336 366 325 261 339 13 340 341 71 342 343 394 71 11653 145 383 339 55 56 0 101 50 40 1024 345 348 1835 2673 350 55 56
rec00016 0 323 50 326 1274 2290 2097 675 327 332 71 1630 5 13 1631 676 177 545 334 55 43 336 1007 325 344 339 71 1006 5 674 1630 5 1631 145 688 339 13 340 341 71 342 343 805 339 55 56 0 40 1024 345 50 101 348 11607 35 1198 323 2673 350 55 56
